
$orca_hessian_file

$act_atom
  0

$act_coord
  0

$act_energy
        0.000000

$multiplicity
  1

$hessian
39
                    0                  1                  2                  3                  4        
    0      4.0771023277E-01   8.2725331935E-05  -5.2531635627E-05  -7.4458661856E-02   8.0622275070E-03
    1      8.2725331935E-05   4.0760830827E-01   7.4517194895E-05   8.1091531522E-03  -5.2475039825E-02
    2     -5.2531635627E-05   7.4517194895E-05   4.0764843175E-01  -3.2223537451E-03  -9.8302213727E-03
    3     -7.4458661856E-02   8.1091531522E-03  -3.2223537451E-03   1.9251272244E-01   2.9152401724E-01
    4      8.0622275070E-03  -5.2475039825E-02  -9.8302213727E-03   2.9152401724E-01   9.8259109397E-01
    5     -3.1976226830E-03  -9.8113689461E-03  -7.3214261516E-02  -1.1582371240E-01  -3.5192276416E-01
    6      1.9797281069E-02  -2.2016477476E-02   8.7538053043E-03  -7.7725477772E-03   7.1517126369E-03
    7     -2.2017746194E-02  -3.9950158060E-02   2.6632501407E-02   7.1546487163E-03   1.1630814257E-02
    8      8.7538474415E-03   2.6631555992E-02   1.6445550623E-02  -2.8442546315E-03  -8.6489082650E-03
    9     -7.5882735872E-02   1.8630304442E-03   5.7651672665E-03   6.5734740433E-03   2.9754054220E-03
   10      1.8643257516E-03  -7.4175000386E-02   8.8637307044E-03   1.8767587895E-03   8.6738863328E-03
   11      5.7662395257E-03   8.8587451893E-03  -5.0040549535E-02   5.2531525573E-03   1.9262112015E-02
   12      2.3706846029E-02  -5.1274401556E-03  -1.5644782437E-02   2.2887328011E-04   3.6604412519E-03
   13     -5.1268973544E-03   1.9129699599E-02  -2.4115876634E-02   2.4595049347E-03   5.7711897085E-03
   14     -1.5644431390E-02  -2.4115796616E-02  -4.6546331400E-02   4.1861581214E-03   1.2511492960E-02
   15     -7.5884163735E-02   1.8620277046E-03   5.7624702467E-03   2.3700754559E-03  -7.7574852486E-03
   16      1.8602532761E-03  -7.4173647009E-02   8.8653103465E-03  -6.6495430566E-03  -1.1035145839E-02
   17      5.7552532790E-03   8.8620023252E-03  -5.0038124552E-02  -6.4612103635E-03  -1.8813756031E-02
   18     -4.9804509292E-02  -1.0000994474E-02  -2.5225656433E-03  -1.1697209896E-02  -1.8772532259E-02
   19     -9.9794846898E-03  -7.3444609088E-02   9.2445473079E-04  -6.8962171069E-03   9.6847181443E-03
   20     -2.5244807006E-03   9.2706495657E-04  -7.6865075232E-02   5.8924739160E-03   2.5840059902E-03
   21     -7.4455617137E-02   8.1097230297E-03  -3.2206754507E-03   2.0200944870E-02  -2.4172699767E-02
   22      8.0709509062E-03  -5.2474331404E-02  -9.8251786997E-03  -2.4184072605E-02  -4.5379271826E-02
   23     -3.1997341108E-03  -9.8080043999E-03  -7.3217048151E-02   9.6158402691E-03   2.9236089398E-02
   24      1.9787242552E-02  -2.2031752778E-02   8.7576550731E-03  -1.3524523879E-01  -2.8038981621E-01
   25     -2.2031226103E-02  -3.9946343358E-02   2.6624061770E-02  -2.8043030911E-01  -8.9523966179E-01
   26      8.7570553251E-03   2.6623331999E-02   1.6451743258E-02   1.1141111373E-01   3.3854239359E-01
   27     -4.9804806964E-02  -1.0001294803E-02  -2.5211673783E-03   8.1712677855E-03   1.9669872450E-02
   28     -9.9795990589E-03  -7.3440858839E-02   9.2172666152E-04   7.7973828839E-03  -1.2402700564E-02
   29     -2.5260696620E-03   9.2544193803E-04  -7.6867122205E-02  -3.1433116458E-03   1.6542629750E-03
   30      2.3715136571E-02  -5.1224412217E-03  -1.5626226858E-02  -1.8188240899E-03  -2.2281293017E-03
   31     -5.1224091423E-03   1.9126213200E-02  -2.4121802043E-02  -1.0352849888E-03  -3.8325594464E-03
   32     -1.5627205956E-02  -2.4121368156E-02  -4.6552054093E-02  -4.1246693606E-03  -1.3160231252E-02
   33     -4.7213079788E-02   2.7145746779E-02   6.8794460969E-03  -4.3728229822E-03  -1.2771383220E-02
   34      2.7147293871E-02   1.7108026939E-02  -2.5146185091E-03   1.0341123708E-04   6.3866372630E-03
   35      6.8802703896E-03  -2.5153791300E-03   2.6397591383E-02   6.7022523222E-04   2.7388448501E-04
   36     -4.7213164347E-02   2.7148051773E-02   6.8754700270E-03   5.3079475203E-03   1.3046840682E-02
   37      2.7149528593E-02   1.7107739960E-02  -2.5143981173E-03   1.7207872526E-04  -4.3739603876E-03
   38      6.8756993112E-03  -2.5149497860E-03   2.6397249670E-02  -1.4089858170E-03  -1.6851794437E-03
                    5                  6                  7                  8                  9        
    0     -3.1976226830E-03   1.9797281069E-02  -2.2017746194E-02   8.7538474415E-03  -7.5882735872E-02
    1     -9.8113689461E-03  -2.2016477476E-02  -3.9950158060E-02   2.6631555992E-02   1.8630304442E-03
    2     -7.3214261516E-02   8.7538053043E-03   2.6632501407E-02   1.6445550623E-02   5.7651672665E-03
    3     -1.1582371240E-01  -7.7725477772E-03   7.1546487163E-03  -2.8442546315E-03   6.5734740433E-03
    4     -3.5192276416E-01   7.1517126369E-03   1.1630814257E-02  -8.6489082650E-03   2.9754054220E-03
    5      2.3641125912E-01  -2.8428914662E-03  -8.6481019278E-03  -6.6863029415E-03   8.9304165106E-04
    6     -2.8428914662E-03   1.2040617879E-01   2.9790250647E-01  -1.1843317512E-01   1.8460100147E-04
    7     -8.6481019278E-03   2.9790250647E-01   9.2941547993E-01  -3.6048409895E-01   3.4793003342E-03
    8     -6.6863029415E-03  -1.1843317512E-01  -3.6048409895E-01   1.6585818979E-01  -2.8839610712E-04
    9      8.9304165106E-04   1.8460100147E-04   3.4793003342E-03  -2.8839610712E-04   1.4039455583E-01
   10      7.3353396412E-03   2.2829698467E-03   5.1607177441E-03   1.0929595515E-04   6.7755262266E-02
   11     -1.3952994637E-02   4.4346493037E-03   1.3042481837E-02  -4.6185142776E-03   2.0648242045E-01
   12     -5.4369656580E-04   7.5963568718E-04   1.7613294986E-03  -7.1825169257E-04  -9.0456919139E-03
   13     -4.1679267575E-04   8.4870466975E-04   2.7378513583E-03  -9.1405540195E-04   1.6638317946E-03
   14     -5.2699321366E-03   2.8688430656E-03   8.9029123819E-03  -3.9545220732E-03   5.0758657347E-03
   15     -2.0973046442E-03  -1.8602134554E-03  -2.4105047450E-03   8.6050249610E-04   2.4505126174E-02
   16     -6.8911707352E-03  -1.2085404404E-03  -4.4449685801E-03   3.0203983818E-04  -5.6235448129E-03
   17      9.9509981136E-03  -3.8645766712E-03  -1.2631609034E-02   7.0283272064E-03  -1.7156997336E-02
   18      9.7803729847E-03  -3.6697508285E-03  -1.3281847804E-02   4.9075096071E-03  -8.1461251595E-03
   19      6.3156686209E-05  -4.0977495951E-04   5.7920391872E-03  -2.1584375022E-03   2.2853840343E-04
   20      3.3034507558E-03   6.8872748345E-04   5.7603132907E-04  -1.3946036479E-03  -1.0631836199E-02
   21      9.6099699854E-03  -1.3495384573E-01  -2.8000272913E-01   1.1132079659E-01   2.3753479614E-03
   22      2.9231978777E-02  -2.7996268472E-01  -8.9532562479E-01   3.3881823315E-01  -7.7499980752E-03
   23      1.6528559755E-02   1.1129632717E-01   3.3879252827E-01  -1.7767622767E-01  -2.1002783865E-03
   24      1.1138690328E-01   2.2300873322E-03  -3.1233704327E-03   1.2414792340E-03  -1.8601193850E-03
   25      3.3851802576E-01  -3.1211105276E-03  -6.2406011048E-03   3.7750628465E-03  -2.4054254823E-03
   26     -1.7747169393E-01   1.2402475743E-03   3.7740470199E-03   1.7562273622E-03   8.5747070885E-04
   27     -7.0303630429E-03   5.9993172833E-03   1.2538885153E-02  -5.6092342220E-03   5.3040807535E-03
   28      4.1769372477E-03  -3.3634858953E-04  -4.9661012012E-03   1.3517967353E-03   3.6435429596E-03
   29      5.5275692675E-03  -1.3899206160E-03  -1.3843884647E-03  -3.1057373657E-04   9.0825900101E-03
   30      6.0367275893E-04  -5.1782606221E-04  -2.0786992989E-03   6.3471832214E-04  -8.5117867968E-02
   31     -2.2566688723E-04  -1.1713779619E-03  -3.2627930353E-03   9.4433713169E-04  -6.5151082443E-02
   32      6.3730744562E-03  -2.9505477634E-03  -8.8726848504E-03   3.3207769093E-03  -1.9861489722E-01
   33      4.8868815138E-03  -3.3208928072E-03  -8.9006024324E-03   3.6613608492E-03  -2.9165979022E-03
   34     -2.4613669453E-03   8.7228782564E-04   3.0872770306E-03  -1.1372270004E-03   1.7321991286E-04
   35     -1.2916612829E-03   4.5876265687E-04   9.3965829035E-04  -2.2268305180E-04  -1.0997573024E-03
   36     -5.6257172292E-03   2.7179754930E-03   8.9585696664E-03  -3.4746382020E-03   3.6319524401E-03
   37      1.0486132826E-03  -8.1160657780E-04  -3.6339327347E-03   1.4232943275E-03  -8.5237186161E-04
   38     -2.0806502570E-04  -2.7251548338E-04  -6.5216615474E-04   4.5435551574E-04   1.7374822302E-03
                   10                 11                 12                 13                 14        
    0      1.8643257516E-03   5.7662395257E-03   2.3706846029E-02  -5.1268973544E-03  -1.5644431390E-02
    1     -7.4175000386E-02   8.8587451893E-03  -5.1274401556E-03   1.9129699599E-02  -2.4115796616E-02
    2      8.8637307044E-03  -5.0040549535E-02  -1.5644782437E-02  -2.4115876634E-02  -4.6546331400E-02
    3      1.8767587895E-03   5.2531525573E-03   2.2887328011E-04   2.4595049347E-03   4.1861581214E-03
    4      8.6738863328E-03   1.9262112015E-02   3.6604412519E-03   5.7711897085E-03   1.2511492960E-02
    5      7.3353396412E-03  -1.3952994637E-02  -5.4369656580E-04  -4.1679267575E-04  -5.2699321366E-03
    6      2.2829698467E-03   4.4346493037E-03   7.5963568718E-04   8.4870466975E-04   2.8688430656E-03
    7      5.1607177441E-03   1.3042481837E-02   1.7613294986E-03   2.7378513583E-03   8.9029123819E-03
    8      1.0929595515E-04  -4.6185142776E-03  -7.1825169257E-04  -9.1405540195E-04  -3.9545220732E-03
    9      6.7755262266E-02   2.0648242045E-01  -9.0456919139E-03   1.6638317946E-03   5.0758657347E-03
   10      2.0120056481E-01   3.1916776225E-01   1.6652229741E-03  -7.5568144717E-03   7.8343007701E-03
   11      3.1916776225E-01   1.0698457276E+00   5.0792208053E-03   7.8332639291E-03   1.3773464302E-02
   12      1.6652229741E-03   5.0792208053E-03   6.7630935988E-02   6.9482488087E-02   2.1190645619E-01
   13     -7.5568144717E-03   7.8332639291E-03   6.9482488087E-02   1.2954169938E-01   3.2647280999E-01
   14      7.8343007701E-03   1.3773464302E-02   2.1190645619E-01   3.2647280999E-01   1.0184764051E+00
   15     -5.6284555012E-03  -1.7170273911E-02  -8.5359311685E-02  -6.5307792971E-02  -1.9916943459E-01
   16      1.9473887480E-02  -2.6475478630E-02  -6.5308154766E-02  -1.4354396741E-01  -3.0684304874E-01
   17     -2.6478116818E-02  -5.2625559584E-02  -1.9917041569E-01  -3.0684212065E-01  -9.7902025749E-01
   18     -4.2748692845E-03  -2.1954436531E-02  -2.1858861349E-03  -5.0459649083E-03  -1.3616879468E-02
   19      7.6297947000E-03   5.7886537857E-03  -1.5985309602E-04   1.2100055884E-03   5.5745778847E-03
   20      2.0654921328E-03   1.8030994687E-03  -1.3335441542E-03   1.5354618661E-03   1.6987004738E-03
   21     -6.6485518368E-03  -6.4534225529E-03  -1.8203407640E-03  -1.0333291455E-03  -4.1191643096E-03
   22     -1.1043068519E-02  -1.8817578523E-02  -2.2358962406E-03  -3.8307121843E-03  -1.3158367844E-02
   23     -6.8909741976E-03   9.9545504142E-03   6.0739569103E-04  -2.2553340973E-04   6.3742478321E-03
   24     -1.2111821693E-03  -3.8720584929E-03  -5.2029121054E-04  -1.1721893522E-03  -2.9542003091E-03
   25     -4.4461904566E-03  -1.2632743155E-02  -2.0832683266E-03  -3.2607881834E-03  -8.8702431895E-03
   26      3.0122182009E-04   7.0259441691E-03   6.3601407052E-04   9.4283124452E-04   3.3175189825E-03
   27      8.1486958947E-03   2.0409688088E-02   4.3745657452E-03   3.6956462926E-03   1.3783376260E-02
   28      4.0605223335E-05  -1.0470006290E-02  -1.1895633696E-03  -2.4869317307E-03  -4.5717466604E-03
   29     -6.7466950832E-03  -4.0545360242E-03   1.5020778270E-03  -5.3377897813E-04  -1.1595698360E-03
   30     -6.5151949907E-02  -1.9861676264E-01   2.7856419185E-03  -7.2599549285E-04  -2.2147931196E-03
   31     -1.4363826159E-01  -3.0700778054E-01  -7.2702869123E-04   2.1354559029E-03  -3.4200442997E-03
   32     -3.0700972938E-01  -9.7916685648E-01  -2.2175605104E-03  -3.4194523593E-03  -7.1750952373E-03
   33     -4.7107904930E-03  -1.3380629895E-02  -2.3267221786E-03  -2.9271837611E-03  -9.4335464383E-03
   34      1.1888100607E-03   5.7972086737E-03   7.8068229354E-04   1.2312776695E-03   3.2816793809E-03
   35      1.7597424061E-03   2.4565341743E-03  -1.1175004231E-04   2.1679240796E-04   6.3558468936E-04
   36      4.0328548074E-03   1.4020337796E-02   1.7717452386E-03   3.1894480632E-03   9.3321557251E-03
   37     -2.5089309248E-03  -4.3490063340E-03  -5.1923031573E-04  -1.0779652259E-03  -3.5991857507E-03
   38     -3.0900440068E-04  -4.0030953939E-04   8.4310398620E-06  -5.3288960461E-04  -1.1502131702E-03
                   15                 16                 17                 18                 19        
    0     -7.5884163735E-02   1.8602532761E-03   5.7552532790E-03  -4.9804509292E-02  -9.9794846898E-03
    1      1.8620277046E-03  -7.4173647009E-02   8.8620023252E-03  -1.0000994474E-02  -7.3444609088E-02
    2      5.7624702467E-03   8.8653103465E-03  -5.0038124552E-02  -2.5225656433E-03   9.2445473079E-04
    3      2.3700754559E-03  -6.6495430566E-03  -6.4612103635E-03  -1.1697209896E-02  -6.8962171069E-03
    4     -7.7574852486E-03  -1.1035145839E-02  -1.8813756031E-02  -1.8772532259E-02   9.6847181443E-03
    5     -2.0973046442E-03  -6.8911707352E-03   9.9509981136E-03   9.7803729847E-03   6.3156686209E-05
    6     -1.8602134554E-03  -1.2085404404E-03  -3.8645766712E-03  -3.6697508285E-03  -4.0977495951E-04
    7     -2.4105047450E-03  -4.4449685801E-03  -1.2631609034E-02  -1.3281847804E-02   5.7920391872E-03
    8      8.6050249610E-04   3.0203983818E-04   7.0283272064E-03   4.9075096071E-03  -2.1584375022E-03
    9      2.4505126174E-02  -5.6235448129E-03  -1.7156997336E-02  -8.1461251595E-03   2.2853840343E-04
   10     -5.6284555012E-03   1.9473887480E-02  -2.6478116818E-02  -4.2748692845E-03   7.6297947000E-03
   11     -1.7170273911E-02  -2.6475478630E-02  -5.2625559584E-02  -2.1954436531E-02   5.7886537857E-03
   12     -8.5359311685E-02  -6.5308154766E-02  -1.9917041569E-01  -2.1858861349E-03  -1.5985309602E-04
   13     -6.5307792971E-02  -1.4354396741E-01  -3.0684212065E-01  -5.0459649083E-03   1.2100055884E-03
   14     -1.9916943459E-01  -3.0684304874E-01  -9.7902025749E-01  -1.3616879468E-02   5.5745778847E-03
   15      1.4063907509E-01   6.7912020086E-02   2.0704308801E-01   5.3105517737E-03   3.6424453880E-03
   16      6.7912020086E-02   2.0110148234E-01   3.1900083258E-01   8.1483364974E-03   3.9170390265E-05
   17      2.0704308801E-01   3.1900083258E-01   1.0696954041E+00   2.0410237341E-02  -1.0474273470E-02
   18      5.3105517737E-03   8.1483364974E-03   2.0410237341E-02   1.0785867056E+00  -3.5910358041E-01
   19      3.6424453880E-03   3.9170390265E-05  -1.0474273470E-02  -3.5910358041E-01   2.2787624464E-01
   20      9.0853568007E-03  -6.7502089159E-03  -4.0597981106E-03  -9.0912989802E-02   3.3245691092E-02
   21      6.5744629393E-03   1.8742179638E-03   5.2429649963E-03   8.1654282786E-03   7.7970732580E-03
   22      2.9853310680E-03   8.6726266703E-03   1.9260858466E-02   1.9669454530E-02  -1.2395902453E-02
   23      8.8707514207E-04   7.3332468110E-03  -1.3953646837E-02  -7.0343202529E-03   4.1769378764E-03
   24      1.8765123622E-04   2.2843114819E-03   4.4405959624E-03   6.0049990074E-03  -3.3928696553E-04
   25      3.4836474791E-03   5.1577233909E-03   1.3039160665E-02   1.2536692539E-02  -4.9664188232E-03
   26     -2.8946913221E-04   1.1080378732E-04  -4.6142945734E-03  -5.6048087503E-03   1.3508147875E-03
   27     -8.1518538664E-03  -4.2728353695E-03  -2.1949813530E-02  -5.3356305498E-02   2.9803697113E-02
   28      2.3201392541E-04   7.6282590102E-03   5.7881842918E-03   2.9802821841E-02   1.7255472465E-02
   29     -1.0625936757E-02   2.0663294255E-03   1.8095395249E-03   7.5528837199E-03  -2.7619409938E-03
   30     -9.0457797527E-03   1.6638062584E-03   5.0754419248E-03   4.3676358375E-03  -1.1868495814E-03
   31      1.6650329661E-03  -7.5568333543E-03   7.8340035060E-03   3.6981945017E-03  -2.4880779701E-03
   32      5.0791019090E-03   7.8335458377E-03   1.3773484817E-02   1.3786855107E-02  -4.5732133351E-03
   33      3.6366726469E-03   4.0306324485E-03   1.4016699893E-02   1.3989729779E-02  -8.8173303015E-03
   34     -8.5405725457E-04  -2.5078053821E-03  -4.3473289543E-03  -8.8171416596E-03  -6.9006447317E-03
   35      1.7361263858E-03  -3.0965360442E-04  -4.0284095534E-04  -2.2346056816E-03   8.1735861145E-04
   36     -2.9222928247E-03  -4.7105728009E-03  -1.3382901661E-02  -9.8756526350E-01   3.4542036615E-01
   37      1.7539033708E-04   1.1892182903E-03   5.7996523276E-03   3.4544168769E-01  -1.6929179204E-01
   38     -1.0996681076E-03   1.7599627979E-03   2.4567683047E-03   8.7442347025E-02  -3.1973699600E-02
                   20                 21                 22                 23                 24        
    0     -2.5244807006E-03  -7.4455617137E-02   8.0709509062E-03  -3.1997341108E-03   1.9787242552E-02
    1      9.2706495657E-04   8.1097230297E-03  -5.2474331404E-02  -9.8080043999E-03  -2.2031752778E-02
    2     -7.6865075232E-02  -3.2206754507E-03  -9.8251786997E-03  -7.3217048151E-02   8.7576550731E-03
    3      5.8924739160E-03   2.0200944870E-02  -2.4184072605E-02   9.6158402691E-03  -1.3524523879E-01
    4      2.5840059902E-03  -2.4172699767E-02  -4.5379271826E-02   2.9236089398E-02  -2.8038981621E-01
    5      3.3034507558E-03   9.6099699854E-03   2.9231978777E-02   1.6528559755E-02   1.1138690328E-01
    6      6.8872748345E-04  -1.3495384573E-01  -2.7996268472E-01   1.1129632717E-01   2.2300873322E-03
    7      5.7603132907E-04  -2.8000272913E-01  -8.9532562479E-01   3.3879252827E-01  -3.1233704327E-03
    8     -1.3946036479E-03   1.1132079659E-01   3.3881823315E-01  -1.7767622767E-01   1.2414792340E-03
    9     -1.0631836199E-02   2.3753479614E-03  -7.7499980752E-03  -2.1002783865E-03  -1.8601193850E-03
   10      2.0654921328E-03  -6.6485518368E-03  -1.1043068519E-02  -6.8909741976E-03  -1.2111821693E-03
   11      1.8030994687E-03  -6.4534225529E-03  -1.8817578523E-02   9.9545504142E-03  -3.8720584929E-03
   12     -1.3335441542E-03  -1.8203407640E-03  -2.2358962406E-03   6.0739569103E-04  -5.2029121054E-04
   13      1.5354618661E-03  -1.0333291455E-03  -3.8307121843E-03  -2.2553340973E-04  -1.1721893522E-03
   14      1.6987004738E-03  -4.1191643096E-03  -1.3158367844E-02   6.3742478321E-03  -2.9542003091E-03
   15      9.0853568007E-03   6.5744629393E-03   2.9853310680E-03   8.8707514207E-04   1.8765123622E-04
   16     -6.7502089159E-03   1.8742179638E-03   8.6726266703E-03   7.3332468110E-03   2.2843114819E-03
   17     -4.0597981106E-03   5.2429649963E-03   1.9260858466E-02  -1.3953646837E-02   4.4405959624E-03
   18     -9.0912989802E-02   8.1654282786E-03   1.9669454530E-02  -7.0343202529E-03   6.0049990074E-03
   19      3.3245691092E-02   7.7970732580E-03  -1.2395902453E-02   4.1769378764E-03  -3.3928696553E-04
   20      1.0499217625E-01  -3.1417575557E-03   1.6546546582E-03   5.5271292207E-03  -1.3897444523E-03
   21     -3.1417575557E-03   1.9221685493E-01   2.9109269191E-01  -1.1573246397E-01  -7.7725658187E-03
   22      1.6546546582E-03   2.9109269191E-01   9.8267673249E-01  -3.5220139779E-01   7.1547527642E-03
   23      5.5271292207E-03  -1.1573246397E-01  -3.5220139779E-01   2.3661909581E-01  -2.8443241515E-03
   24     -1.3897444523E-03  -7.7725658187E-03   7.1547527642E-03  -2.8443241515E-03   1.2070773703E-01
   25     -1.3828274849E-03   7.1516851103E-03   1.1631105848E-02  -8.6489116466E-03   2.9834504334E-01
   26     -3.1162433099E-04  -2.8425615976E-03  -8.6474659114E-03  -6.6865948642E-03  -1.1852729268E-01
   27      7.5497999252E-03  -1.1692538637E-02  -1.8775210361E-02   9.7857152668E-03  -3.6765671187E-03
   28     -2.7607341755E-03  -6.9018576419E-03   9.6814543208E-03   6.3795620687E-05  -4.0778451237E-04
   29      2.7454163162E-02   5.8946618245E-03   2.5879353592E-03   3.3011901538E-03   6.8976815895E-04
   30      1.5038974614E-03   2.2540479731E-04   3.6534673154E-03  -5.4128409794E-04   7.5897607952E-04
   31     -5.3361133002E-04   2.4590142940E-03   5.7749397269E-03  -4.1841178870E-04   8.5058568867E-04
   32     -1.1578909118E-03   4.1825243440E-03   1.2514758904E-02  -5.2731418794E-03   2.8737090095E-03
   33     -2.2333232537E-03   5.3041077847E-03   1.3049573533E-02  -5.6289983363E-03   2.7230997130E-03
   34      8.1680234430E-04   1.7414693320E-04  -4.3731850496E-03   1.0489218220E-03  -8.1337629116E-04
   35     -9.9179207413E-03  -1.4093700386E-03  -1.6874604426E-03  -2.0697224738E-04  -2.7329826587E-04
   36      8.7447820877E-02  -4.3676434775E-03  -1.2769433193E-02   4.8882704508E-03  -3.3250106275E-03
   37     -3.1977903017E-02   1.0168818340E-04   6.3852371691E-03  -2.4617769344E-03   8.7403580134E-04
   38     -5.1071806357E-02   6.6927704069E-04   2.7252026711E-04  -1.2911415314E-03   4.5879507276E-04
                   25                 26                 27                 28                 29        
    0     -2.2031226103E-02   8.7570553251E-03  -4.9804806964E-02  -9.9795990589E-03  -2.5260696620E-03
    1     -3.9946343358E-02   2.6623331999E-02  -1.0001294803E-02  -7.3440858839E-02   9.2544193803E-04
    2      2.6624061770E-02   1.6451743258E-02  -2.5211673783E-03   9.2172666152E-04  -7.6867122205E-02
    3     -2.8043030911E-01   1.1141111373E-01   8.1712677855E-03   7.7973828839E-03  -3.1433116458E-03
    4     -8.9523966179E-01   3.3854239359E-01   1.9669872450E-02  -1.2402700564E-02   1.6542629750E-03
    5      3.3851802576E-01  -1.7747169393E-01  -7.0303630429E-03   4.1769372477E-03   5.5275692675E-03
    6     -3.1211105276E-03   1.2402475743E-03   5.9993172833E-03  -3.3634858953E-04  -1.3899206160E-03
    7     -6.2406011048E-03   3.7740470199E-03   1.2538885153E-02  -4.9661012012E-03  -1.3843884647E-03
    8      3.7750628465E-03   1.7562273622E-03  -5.6092342220E-03   1.3517967353E-03  -3.1057373657E-04
    9     -2.4054254823E-03   8.5747070885E-04   5.3040807535E-03   3.6435429596E-03   9.0825900101E-03
   10     -4.4461904566E-03   3.0122182009E-04   8.1486958947E-03   4.0605223335E-05  -6.7466950832E-03
   11     -1.2632743155E-02   7.0259441691E-03   2.0409688088E-02  -1.0470006290E-02  -4.0545360242E-03
   12     -2.0832683266E-03   6.3601407052E-04   4.3745657452E-03  -1.1895633696E-03   1.5020778270E-03
   13     -3.2607881834E-03   9.4283124452E-04   3.6956462926E-03  -2.4869317307E-03  -5.3377897813E-04
   14     -8.8702431895E-03   3.3175189825E-03   1.3783376260E-02  -4.5717466604E-03  -1.1595698360E-03
   15      3.4836474791E-03  -2.8946913221E-04  -8.1518538664E-03   2.3201392541E-04  -1.0625936757E-02
   16      5.1577233909E-03   1.1080378732E-04  -4.2728353695E-03   7.6282590102E-03   2.0663294255E-03
   17      1.3039160665E-02  -4.6142945734E-03  -2.1949813530E-02   5.7881842918E-03   1.8095395249E-03
   18      1.2536692539E-02  -5.6048087503E-03  -5.3356305498E-02   2.9802821841E-02   7.5528837199E-03
   19     -4.9664188232E-03   1.3508147875E-03   2.9803697113E-02   1.7255472465E-02  -2.7619409938E-03
   20     -1.3828274849E-03  -3.1162433099E-04   7.5497999252E-03  -2.7607341755E-03   2.7454163162E-02
   21      7.1516851103E-03  -2.8425615976E-03  -1.1692538637E-02  -6.9018576419E-03   5.8946618245E-03
   22      1.1631105848E-02  -8.6474659114E-03  -1.8775210361E-02   9.6814543208E-03   2.5879353592E-03
   23     -8.6489116466E-03  -6.6865948642E-03   9.7857152668E-03   6.3795620687E-05   3.3011901538E-03
   24      2.9834504334E-01  -1.1852729268E-01  -3.6765671187E-03  -4.0778451237E-04   6.8976815895E-04
   25      9.2932540883E-01  -3.6020030513E-01  -1.3283457242E-02   5.7933429317E-03   5.7699824135E-04
   26     -3.6020030513E-01   1.6564754243E-01   4.9046153931E-03  -2.1574274385E-03  -1.3947469759E-03
   27     -1.3283457242E-02   4.9046153931E-03   1.0786123411E+00  -3.5904421829E-01  -9.1031462454E-02
   28      5.7933429317E-03  -2.1574274385E-03  -3.5904421829E-01   2.2783494761E-01   3.3276549690E-02
   29      5.7699824135E-04  -1.3947469759E-03  -9.1031462454E-02   3.3276549690E-02   1.0500542266E-01
   30      1.7564163009E-03  -7.1575156513E-04  -2.1779555382E-03  -1.6261438669E-04  -1.3335736419E-03
   31      2.7391668741E-03  -9.1380780611E-04  -5.0466622463E-03   1.2098407656E-03   1.5351857133E-03
   32      8.9041069840E-03  -3.9526543831E-03  -1.3614856180E-02   5.5727277394E-03   1.6983758724E-03
   33      8.9600225361E-03  -3.4730073920E-03  -9.8759115463E-01   3.4536321147E-01   8.7562796979E-02
   34     -3.6341104520E-03   1.4225227738E-03   3.4538444944E-01  -1.6924681336E-01  -3.2013018776E-02
   35     -6.5323967116E-04   4.5460214523E-04   8.7557101266E-02  -3.2008740355E-02  -5.1091736401E-02
   36     -8.8986808869E-03   3.6583868690E-03   1.3989609562E-02  -8.8170714403E-03  -2.2340774045E-03
   37      3.0873662943E-03  -1.1364953003E-03  -8.8174838191E-03  -6.9005166334E-03   8.1705784490E-04
   38      9.3838857613E-04  -2.2196928371E-04  -2.2338257302E-03   8.1699804257E-04  -9.9179754639E-03
                   30                 31                 32                 33                 34        
    0      2.3715136571E-02  -5.1224091423E-03  -1.5627205956E-02  -4.7213079788E-02   2.7147293871E-02
    1     -5.1224412217E-03   1.9126213200E-02  -2.4121368156E-02   2.7145746779E-02   1.7108026939E-02
    2     -1.5626226858E-02  -2.4121802043E-02  -4.6552054093E-02   6.8794460969E-03  -2.5146185091E-03
    3     -1.8188240899E-03  -1.0352849888E-03  -4.1246693606E-03  -4.3728229822E-03   1.0341123708E-04
    4     -2.2281293017E-03  -3.8325594464E-03  -1.3160231252E-02  -1.2771383220E-02   6.3866372630E-03
    5      6.0367275893E-04  -2.2566688723E-04   6.3730744562E-03   4.8868815138E-03  -2.4613669453E-03
    6     -5.1782606221E-04  -1.1713779619E-03  -2.9505477634E-03  -3.3208928072E-03   8.7228782564E-04
    7     -2.0786992989E-03  -3.2627930353E-03  -8.8726848504E-03  -8.9006024324E-03   3.0872770306E-03
    8      6.3471832214E-04   9.4433713169E-04   3.3207769093E-03   3.6613608492E-03  -1.1372270004E-03
    9     -8.5117867968E-02  -6.5151082443E-02  -1.9861489722E-01  -2.9165979022E-03   1.7321991286E-04
   10     -6.5151949907E-02  -1.4363826159E-01  -3.0700972938E-01  -4.7107904930E-03   1.1888100607E-03
   11     -1.9861676264E-01  -3.0700778054E-01  -9.7916685648E-01  -1.3380629895E-02   5.7972086737E-03
   12      2.7856419185E-03  -7.2702869123E-04  -2.2175605104E-03  -2.3267221786E-03   7.8068229354E-04
   13     -7.2599549285E-04   2.1354559029E-03  -3.4194523593E-03  -2.9271837611E-03   1.2312776695E-03
   14     -2.2147931196E-03  -3.4200442997E-03  -7.1750952373E-03  -9.4335464383E-03   3.2816793809E-03
   15     -9.0457797527E-03   1.6650329661E-03   5.0791019090E-03   3.6366726469E-03  -8.5405725457E-04
   16      1.6638062584E-03  -7.5568333543E-03   7.8335458377E-03   4.0306324485E-03  -2.5078053821E-03
   17      5.0754419248E-03   7.8340035060E-03   1.3773484817E-02   1.4016699893E-02  -4.3473289543E-03
   18      4.3676358375E-03   3.6981945017E-03   1.3786855107E-02   1.3989729779E-02  -8.8171416596E-03
   19     -1.1868495814E-03  -2.4880779701E-03  -4.5732133351E-03  -8.8173303015E-03  -6.9006447317E-03
   20      1.5038974614E-03  -5.3361133002E-04  -1.1578909118E-03  -2.2333232537E-03   8.1680234430E-04
   21      2.2540479731E-04   2.4590142940E-03   4.1825243440E-03   5.3041077847E-03   1.7414693320E-04
   22      3.6534673154E-03   5.7749397269E-03   1.2514758904E-02   1.3049573533E-02  -4.3731850496E-03
   23     -5.4128409794E-04  -4.1841178870E-04  -5.2731418794E-03  -5.6289983363E-03   1.0489218220E-03
   24      7.5897607952E-04   8.5058568867E-04   2.8737090095E-03   2.7230997130E-03  -8.1337629116E-04
   25      1.7564163009E-03   2.7391668741E-03   8.9041069840E-03   8.9600225361E-03  -3.6341104520E-03
   26     -7.1575156513E-04  -9.1380780611E-04  -3.9526543831E-03  -3.4730073920E-03   1.4225227738E-03
   27     -2.1779555382E-03  -5.0466622463E-03  -1.3614856180E-02  -9.8759115463E-01   3.4538444944E-01
   28     -1.6261438669E-04   1.2098407656E-03   5.5727277394E-03   3.4536321147E-01  -1.6924681336E-01
   29     -1.3335736419E-03   1.5351857133E-03   1.6983758724E-03   8.7562796979E-02  -3.2013018776E-02
   30      6.7381227486E-02   6.9320592595E-02   2.1133377870E-01   1.7658093681E-03  -5.1692594520E-04
   31      6.9320592595E-02   1.2963868251E-01   3.2664527841E-01   3.1900349559E-03  -1.0779573480E-03
   32      2.1133377870E-01   3.2664527841E-01   1.0186283280E+00   9.3304387224E-03  -3.5978570648E-03
   33      1.7658093681E-03   3.1900349559E-03   9.3304387224E-03   1.0275913770E+00  -3.6747170554E-01
   34     -5.1692594520E-04  -1.0779573480E-03  -3.5978570648E-03  -3.6747170554E-01   1.5688941524E-01
   35      8.8159736406E-06  -5.3319170281E-04  -1.1508405133E-03  -9.3160401298E-02   3.4058912069E-02
   36     -2.3215786467E-03  -2.9292015064E-03  -9.4360876898E-03  -7.2695259714E-03   3.8486005682E-03
   37      7.7891464493E-04   1.2321837678E-03   3.2830821668E-03   3.8488886312E-03   1.8490721179E-03
   38     -1.1251632120E-04   2.1654799929E-04   6.3449339935E-04   9.7481236644E-04  -3.5654484079E-04
                   35                 36                 37                 38        
     0      6.8802703896E-03  -4.7213164347E-02   2.7149528593E-02   6.8756993112E-03
     1     -2.5153791300E-03   2.7148051773E-02   1.7107739960E-02  -2.5149497860E-03
     2      2.6397591383E-02   6.8754700270E-03  -2.5143981173E-03   2.6397249670E-02
     3      6.7022523222E-04   5.3079475203E-03   1.7207872526E-04  -1.4089858170E-03
     4      2.7388448501E-04   1.3046840682E-02  -4.3739603876E-03  -1.6851794437E-03
     5     -1.2916612829E-03  -5.6257172292E-03   1.0486132826E-03  -2.0806502570E-04
     6      4.5876265687E-04   2.7179754930E-03  -8.1160657780E-04  -2.7251548338E-04
     7      9.3965829035E-04   8.9585696664E-03  -3.6339327347E-03  -6.5216615474E-04
     8     -2.2268305180E-04  -3.4746382020E-03   1.4232943275E-03   4.5435551574E-04
     9     -1.0997573024E-03   3.6319524401E-03  -8.5237186161E-04   1.7374822302E-03
    10      1.7597424061E-03   4.0328548074E-03  -2.5089309248E-03  -3.0900440068E-04
    11      2.4565341743E-03   1.4020337796E-02  -4.3490063340E-03  -4.0030953939E-04
    12     -1.1175004231E-04   1.7717452386E-03  -5.1923031573E-04   8.4310398620E-06
    13      2.1679240796E-04   3.1894480632E-03  -1.0779652259E-03  -5.3288960461E-04
    14      6.3558468936E-04   9.3321557251E-03  -3.5991857507E-03  -1.1502131702E-03
    15      1.7361263858E-03  -2.9222928247E-03   1.7539033708E-04  -1.0996681076E-03
    16     -3.0965360442E-04  -4.7105728009E-03   1.1892182903E-03   1.7599627979E-03
    17     -4.0284095534E-04  -1.3382901661E-02   5.7996523276E-03   2.4567683047E-03
    18     -2.2346056816E-03  -9.8756526350E-01   3.4544168769E-01   8.7442347025E-02
    19      8.1735861145E-04   3.4542036615E-01  -1.6929179204E-01  -3.1973699600E-02
    20     -9.9179207413E-03   8.7447820877E-02  -3.1977903017E-02  -5.1071806357E-02
    21     -1.4093700386E-03  -4.3676434775E-03   1.0168818340E-04   6.6927704069E-04
    22     -1.6874604426E-03  -1.2769433193E-02   6.3852371691E-03   2.7252026711E-04
    23     -2.0697224738E-04   4.8882704508E-03  -2.4617769344E-03  -1.2911415314E-03
    24     -2.7329826587E-04  -3.3250106275E-03   8.7403580134E-04   4.5879507276E-04
    25     -6.5323967116E-04  -8.8986808869E-03   3.0873662943E-03   9.3838857613E-04
    26      4.5460214523E-04   3.6583868690E-03  -1.1364953003E-03  -2.2196928371E-04
    27      8.7557101266E-02   1.3989609562E-02  -8.8174838191E-03  -2.2338257302E-03
    28     -3.2008740355E-02  -8.8170714403E-03  -6.9005166334E-03   8.1699804257E-04
    29     -5.1091736401E-02  -2.2340774045E-03   8.1705784490E-04  -9.9179754639E-03
    30      8.8159736406E-06  -2.3215786467E-03   7.7891464493E-04  -1.1251632120E-04
    31     -5.3319170281E-04  -2.9292015064E-03   1.2321837678E-03   2.1654799929E-04
    32     -1.1508405133E-03  -9.4360876898E-03   3.2830821668E-03   6.3449339935E-04
    33     -9.3160401298E-02  -7.2695259714E-03   3.8488886312E-03   9.7481236644E-04
    34      3.4058912069E-02   3.8486005682E-03   1.8490721179E-03  -3.5654484079E-04
    35      3.1174229887E-02   9.7535091590E-04  -3.5676833717E-04   3.1661129148E-03
    36      9.7535091590E-04   1.0275652491E+00  -3.6753064595E-01  -9.3041851550E-02
    37     -3.5676833717E-04  -3.6753064595E-01   1.5693628035E-01   3.4021924995E-02
    38      3.1661129148E-03  -9.3041851550E-02   3.4021924995E-02   3.1152500567E-02

$vibrational_frequencies
39
    0        0.0000000000000000
    1        0.0000000000000000
    2        0.0000000000000000
    3        0.0000000000000000
    4        0.0000000000000000
    5        0.0000000000000000
    6       61.1306514765195885
    7       61.2406700909206450
    8       61.3005017557509149
    9       85.4721405424638476
   10       85.4914873871810244
   11       85.5998743640319333
   12       87.2181191533594671
   13       87.2690530717246133
   14       87.3424645970642359
   15      359.8009435084118195
   16      359.8376823363074095
   17      359.8547322886918778
   18      359.8563034505838232
   19      359.9890166273269188
   20      360.0846816556179419
   21      405.0576425337053479
   22      405.0610629071209701
   23      425.3329057966960818
   24      476.9624866562748480
   25      477.0242724567651749
   26      477.1249887470883095
   27      537.4009244890997934
   28      537.4893913029308123
   29      537.5443070835229946
   30      602.5649781846194628
   31      602.6435602168236301
   32      602.6997404780279339
   33     2087.1385345025323659
   34     2087.1480038011682154
   35     2087.1506874756169054
   36     2112.6532371692328525
   37     2112.6570697565825867
   38     2208.4098566388415747

$normal_modes
39 39
                    0                  1                  2                  3                  4        
    0      0.0000000000E+00   0.0000000000E+00   0.0000000000E+00   0.0000000000E+00   0.0000000000E+00
    1      0.0000000000E+00   0.0000000000E+00   0.0000000000E+00   0.0000000000E+00   0.0000000000E+00
    2      0.0000000000E+00   0.0000000000E+00   0.0000000000E+00   0.0000000000E+00   0.0000000000E+00
    3      0.0000000000E+00   0.0000000000E+00   0.0000000000E+00   0.0000000000E+00   0.0000000000E+00
    4      0.0000000000E+00   0.0000000000E+00   0.0000000000E+00   0.0000000000E+00   0.0000000000E+00
    5      0.0000000000E+00   0.0000000000E+00   0.0000000000E+00   0.0000000000E+00   0.0000000000E+00
    6      0.0000000000E+00   0.0000000000E+00   0.0000000000E+00   0.0000000000E+00   0.0000000000E+00
    7      0.0000000000E+00   0.0000000000E+00   0.0000000000E+00   0.0000000000E+00   0.0000000000E+00
    8      0.0000000000E+00   0.0000000000E+00   0.0000000000E+00   0.0000000000E+00   0.0000000000E+00
    9      0.0000000000E+00   0.0000000000E+00   0.0000000000E+00   0.0000000000E+00   0.0000000000E+00
   10      0.0000000000E+00   0.0000000000E+00   0.0000000000E+00   0.0000000000E+00   0.0000000000E+00
   11      0.0000000000E+00   0.0000000000E+00   0.0000000000E+00   0.0000000000E+00   0.0000000000E+00
   12      0.0000000000E+00   0.0000000000E+00   0.0000000000E+00   0.0000000000E+00   0.0000000000E+00
   13      0.0000000000E+00   0.0000000000E+00   0.0000000000E+00   0.0000000000E+00   0.0000000000E+00
   14      0.0000000000E+00   0.0000000000E+00   0.0000000000E+00   0.0000000000E+00   0.0000000000E+00
   15      0.0000000000E+00   0.0000000000E+00   0.0000000000E+00   0.0000000000E+00   0.0000000000E+00
   16      0.0000000000E+00   0.0000000000E+00   0.0000000000E+00   0.0000000000E+00   0.0000000000E+00
   17      0.0000000000E+00   0.0000000000E+00   0.0000000000E+00   0.0000000000E+00   0.0000000000E+00
   18      0.0000000000E+00   0.0000000000E+00   0.0000000000E+00   0.0000000000E+00   0.0000000000E+00
   19      0.0000000000E+00   0.0000000000E+00   0.0000000000E+00   0.0000000000E+00   0.0000000000E+00
   20      0.0000000000E+00   0.0000000000E+00   0.0000000000E+00   0.0000000000E+00   0.0000000000E+00
   21      0.0000000000E+00   0.0000000000E+00   0.0000000000E+00   0.0000000000E+00   0.0000000000E+00
   22      0.0000000000E+00   0.0000000000E+00   0.0000000000E+00   0.0000000000E+00   0.0000000000E+00
   23      0.0000000000E+00   0.0000000000E+00   0.0000000000E+00   0.0000000000E+00   0.0000000000E+00
   24      0.0000000000E+00   0.0000000000E+00   0.0000000000E+00   0.0000000000E+00   0.0000000000E+00
   25      0.0000000000E+00   0.0000000000E+00   0.0000000000E+00   0.0000000000E+00   0.0000000000E+00
   26      0.0000000000E+00   0.0000000000E+00   0.0000000000E+00   0.0000000000E+00   0.0000000000E+00
   27      0.0000000000E+00   0.0000000000E+00   0.0000000000E+00   0.0000000000E+00   0.0000000000E+00
   28      0.0000000000E+00   0.0000000000E+00   0.0000000000E+00   0.0000000000E+00   0.0000000000E+00
   29      0.0000000000E+00   0.0000000000E+00   0.0000000000E+00   0.0000000000E+00   0.0000000000E+00
   30      0.0000000000E+00   0.0000000000E+00   0.0000000000E+00   0.0000000000E+00   0.0000000000E+00
   31      0.0000000000E+00   0.0000000000E+00   0.0000000000E+00   0.0000000000E+00   0.0000000000E+00
   32      0.0000000000E+00   0.0000000000E+00   0.0000000000E+00   0.0000000000E+00   0.0000000000E+00
   33      0.0000000000E+00   0.0000000000E+00   0.0000000000E+00   0.0000000000E+00   0.0000000000E+00
   34      0.0000000000E+00   0.0000000000E+00   0.0000000000E+00   0.0000000000E+00   0.0000000000E+00
   35      0.0000000000E+00   0.0000000000E+00   0.0000000000E+00   0.0000000000E+00   0.0000000000E+00
   36      0.0000000000E+00   0.0000000000E+00   0.0000000000E+00   0.0000000000E+00   0.0000000000E+00
   37      0.0000000000E+00   0.0000000000E+00   0.0000000000E+00   0.0000000000E+00   0.0000000000E+00
   38      0.0000000000E+00   0.0000000000E+00   0.0000000000E+00   0.0000000000E+00   0.0000000000E+00
                    5                  6                  7                  8                  9        
    0      0.0000000000E+00   3.1460880121E-04   3.1572410785E-04  -2.1079986141E-05  -7.6627055826E-02
    1      0.0000000000E+00  -4.7584000456E-04   9.5072751009E-05   4.1078002799E-04  -1.1420528502E-01
    2      0.0000000000E+00   5.6930818028E-05  -2.1357312780E-04   2.5076181261E-04  -1.7434442569E-02
    3      0.0000000000E+00   1.3612147785E-01  -1.0570011742E-01  -9.6299233640E-02  -8.0570329899E-03
    4      0.0000000000E+00  -2.9399694180E-02  -1.3493666746E-02   8.9315535102E-02  -1.1199863206E-01
    5      0.0000000000E+00   3.9954586843E-02  -1.2241007815E-01   1.4413599274E-01   9.2760835804E-02
    6      0.0000000000E+00   2.9916309856E-01  -2.3325269984E-01  -2.1194767216E-01   9.8900784080E-02
    7      0.0000000000E+00  -6.3866551010E-02  -2.9915694500E-02   1.9594601251E-01  -8.6940756149E-02
    8      0.0000000000E+00   8.7877893471E-02  -2.6902313830E-01   3.1683547467E-01   2.4254129595E-01
    9      0.0000000000E+00  -8.2905675269E-02   1.1529783769E-01   1.4473634128E-01   3.4636084281E-02
   10      0.0000000000E+00   1.7716664250E-01   8.5251711290E-02   1.4817975304E-02   4.8544593409E-02
   11      0.0000000000E+00  -4.0507391915E-02  -5.2555342995E-02  -3.5176586486E-02  -1.0458904186E-01
   12      0.0000000000E+00  -1.8292084637E-01   2.5318009036E-01   3.1866661987E-01   1.9615871668E-01
   13      0.0000000000E+00   3.9079869881E-01   1.8751153832E-01   3.1967622898E-02   2.8694533061E-01
   14      0.0000000000E+00  -8.9226463208E-02  -1.1543581456E-01  -7.7842615698E-02  -2.1678789027E-01
   15      0.0000000000E+00  -8.2861425392E-02   1.1525998731E-01   1.4474135681E-01   3.4459415409E-02
