
$orca_hessian_file

$act_atom
  0

$act_coord
  0

$act_energy
        0.000000

$multiplicity
  1

$hessian
9
                    0                  1                  2                  3                  4        
    0     -1.2519346872E-05  -1.9124226992E-08   6.4896684305E-08   6.2290095183E-06  -5.7343941895E-08
    1     -1.9124226992E-08   6.7994811350E-01  -5.4738053257E-09   6.3297690563E-09  -3.3997398628E-01
    2      6.4896684305E-08  -5.4738053257E-09   4.4984948083E-01  -1.4151649892E-08  -2.0105124690E-01
    3      6.2290095183E-06   6.3297690563E-09  -1.4151649892E-08  -6.9182868040E-06  -4.0708301223E-08
    4     -5.7343941895E-08  -3.3997398628E-01  -2.0105124690E-01  -4.0708301223E-08   3.7094953176E-01
    5     -9.4945188838E-08  -2.6130180970E-01  -2.2492476989E-01   4.1725236212E-08   2.3117658277E-01
    6      6.2903373541E-06   1.3294524915E-08   6.0361286678E-08   6.8927728570E-07   4.4290264812E-08
    7      7.5968101907E-08  -3.3997412722E-01   2.0105125160E-01   8.8140510472E-08  -3.0975545485E-02
    8     -8.1057816558E-08   2.6130181594E-01  -2.2492471094E-01   2.2826910745E-08  -3.0124757185E-02
                    5                  6                  7                  8        
     0     -9.4945188838E-08   6.2903373541E-06   7.5968101907E-08  -8.1057816558E-08
     1     -2.6130180970E-01   1.3294524915E-08  -3.3997412722E-01   2.6130181594E-01
     2     -2.2492476989E-01   6.0361286678E-08   2.0105125160E-01  -2.2492471094E-01
     3      4.1725236212E-08   6.8927728570E-07   8.8140510472E-08   2.2826910745E-08
     4      2.3117658277E-01   4.4290264812E-08  -3.0975545485E-02  -3.0124757185E-02
     5      2.1287205295E-01   2.8194555616E-09   3.0124648251E-02   1.2052716936E-02
     6      2.8194555616E-09  -6.9796146398E-06  -1.1084670105E-07  -2.4749182133E-09
     7      3.0124648251E-02  -1.1084670105E-07   3.7094967271E-01  -2.3117647931E-01
     8      1.2052716936E-02  -2.4749182133E-09  -2.3117647931E-01   2.1287199401E-01

$vibrational_frequencies
9
    0        0.0000000000000000
    1        0.0000000000000000
    2        0.0000000000000000
    3        0.0000000000000000
    4        0.0000000000000000
    5        0.0000000000000000
    6     1632.6092887148313366
    7     3809.2486295903149767
    8     3911.5368027476506541

$normal_modes
9 9
                    0                  1                  2                  3                  4        
    0      0.0000000000E+00   5.7735026919E-01   0.0000000000E+00  -9.8256133379E-19  -8.8749429170E-02
    1      0.0000000000E+00   0.0000000000E+00   5.7735026919E-01   0.0000000000E+00   0.0000000000E+00
    2      5.7735026919E-01   0.0000000000E+00   0.0000000000E+00   0.0000000000E+00   0.0000000000E+00
    3      0.0000000000E+00   5.7735026919E-01   0.0000000000E+00  -7.0710678119E-01   7.0431652644E-01
    4      0.0000000000E+00   0.0000000000E+00   5.7735026919E-01   0.0000000000E+00   0.0000000000E+00
    5      5.7735026919E-01   0.0000000000E+00   0.0000000000E+00   0.0000000000E+00   0.0000000000E+00
    6      0.0000000000E+00   5.7735026919E-01   0.0000000000E+00   7.0710678119E-01   7.0431652644E-01
    7      0.0000000000E+00   0.0000000000E+00   5.7735026919E-01   0.0000000000E+00   0.0000000000E+00
    8      5.7735026919E-01   0.0000000000E+00   0.0000000000E+00   0.0000000000E+00   0.0000000000E+00
                    5                  6                  7                  8        
     0      0.0000000000E+00   0.0000000000E+00   0.0000000000E+00   0.0000000000E+00
     1      5.0165914411E-02   0.0000000000E+00   0.0000000000E+00  -7.0472108179E-02
     2      0.0000000000E+00   7.0964886244E-02   4.9514583965E-02   0.0000000000E+00
     3      0.0000000000E+00   0.0000000000E+00   0.0000000000E+00   0.0000000000E+00
     4     -3.9811729398E-01   4.2463199093E-01  -5.8682686089E-01   5.5926748946E-01
     5      5.8330464661E-01  -5.6317818205E-01  -3.9294832780E-01   4.2981009320E-01
     6      0.0000000000E+00   0.0000000000E+00   0.0000000000E+00   0.0000000000E+00
     7     -3.9811729398E-01  -4.2463199093E-01   5.8682686089E-01   5.5926748946E-01
     8     -5.8330464661E-01  -5.6317818205E-01  -3.9294832780E-01  -4.2981009320E-01

#
# The atoms: label  mass x y z (in bohrs)
#
$atoms
3
 O     15.99900      0.000000000000     0.000000000000    -0.123790277729
 H      1.00800      0.000000000000     1.439372630838     0.982401117748
 H      1.00800      0.000000000000    -1.439372630838     0.982401117748

$actual_temperature
  0.000000

$frequency_scale_factor
  1.000000

$dipole_derivatives
9
   -6.9102354883E-01    2.4541782299E-11    1.5425645558E-10
   -4.7636710785E-11   -4.7979571029E-01    2.5637773935E-10
    3.1852295952E-11   -2.7145274574E-10   -3.4394307187E-01
    3.4552122259E-01   -1.1560249411E-10    4.0921011321E-11
    7.2542371477E-11    2.3984377970E-01   -7.1041859875E-02
    2.3520788210E-11   -8.1217701839E-02    1.7201097598E-01
    3.4552122037E-01    1.5534829314E-10   -1.5890217114E-10
   -4.6268842594E-11    2.3984377837E-01    7.1041860116E-02
   -8.7088596874E-11    8.1217702178E-02    1.7201097547E-01

#
# The IR spectrum
#  wavenumber eps Int TX TY TZ
#
$ir_spectrum
9
      0.00   0.00000000   0.00000000     0.000000     0.000000     0.000000
      0.00   0.00000000   0.00000000     0.000000     0.000000     0.000000
      0.00   0.00000000   0.00000000     0.000000     0.000000     0.000000
      0.00   0.00000000   0.00000000     0.000000     0.000000     0.000000
      0.00   0.00000000   0.00000000     0.000000     0.000000     0.000000
      0.00   0.00000000   0.00000000     0.000000     0.000000     0.000000
   1632.61   0.01380809  69.78043814     0.000000     0.000000    -0.051374
   3809.25   0.00087488   4.42129872    -0.000000    -0.000000    -0.008466
   3911.54   0.00961452  48.58785381     0.000000     0.027696     0.000000


$end

